0.00000000 0.00000000
0.62831853 -0.55357436
0.62831853 0.55357436
1.25663706 0.55357436
1.04719755 1.20593250
1.57079633 1.57079633
1.04719755 1.93566015
1.25663706 2.58801829
0.62831853 2.58801829
0.62831853 -2.58801829
1.04719755 -1.20593250
1.25663706 -0.55357436
1.88495559 -0.55357436
1.57079633 0.00000000
1.88495559 0.55357436
2.51327412 0.55357436
2.09439510 1.20593250
2.09439510 1.93566015
2.51327412 2.58801829
1.88495559 2.58801829
1.57079633 3.14159265
1.88495559 -2.58801829
1.25663706 -2.58801829
1.04719755 -1.93566015
1.57079633 -1.57079633
2.09439510 -1.20593250
2.09439510 -1.93566015
2.51327412 -2.58801829
3.14159265 0.00000000
2.51327412 -0.55357436